"1"
11.1535226748173
11.8265660511845
12.2251246590835
12.3440191945713
11.7290997862109
12.3314086210962
12.130227342284
11.3080412526349
12.0551719791721
12.9272773192992
11.8927074935525
12.1370956672084
11.6557905972338
11.6975501596808
11.8314965580593
11.8247873345475
12.1101722624499
11.4157453220295
12.4166909860764
11.7559568464599
11.9448044798121
11.6348821445448
12.4679080828727
11.7022880598319
11.5201936240098
11.9237216076084
12.196939646016
12.5276296438215
11.8606617862891
12.9892838500643
12.3484045327305
12.323986544973
11.9190478750966
12.2461182719325
12.4848719244606
11.2499850021512
12.1848520109197
11.9052326234191
11.904207115183
12.1795653773133
11.7766913380827
12.4220262479052
11.7060253058155
11.737744646708
11.7203122467308
12.0355341230018
11.6514112467441
11.7473795055475
11.6072060648569
12.1360449900475
12.1134563305828
11.9561741213777
11.9737448464799
12.2035687146515
12.201513590617
12.7394355773043
11.5181148638465
12.0451652623976
11.9000951408648
12.2229020413936
12.0745331110416
12.2439021154848
12.3223052983861
12.707010627975
12.3162075328437
12.6474352315507
12.0702744605466
12.2583641478464
11.7699950944251
11.4739389241203
12.1954783326177
12.2281647350319
12.0876530897695
12.0534166116979
12.1884932965252
11.5025401653067
11.7622627654325
11.8186958232203
12.0730927413755
11.9212320658455
11.7904007848363
11.7770505047962
12.1054711893355
11.9709057739995
12.1281695114331
12.5410488474182
11.4719850394204
12.1497093987239
12.2098540358811
12.0697022433791
12.0255560887316
11.2971577339794
12.3083928343958
11.9491656234916
11.8856902626387
12.2872663932522
12.6534936977911
12.1669302119482
11.6590825884737
12.2290603102934
11.4460169649259
12.852622801613
11.9115709493637
12.0537965864221
12.4238216732621
11.4794661461368
11.9973378474995
12.0739715622956
11.8847053565089
11.8082333452772
11.9683776321236
11.7946110569955
12.6720704201419
12.4732405701102
12.4123068286918
12.1717607134509
11.8450846346949
12.1312318654523
12.0168873005005
12.4969048435593
11.6885042630147
11.29511126772
12.5033679892737
12.4380226428271
12.0284471863485
12.8041189124011
12.4518056279699
11.8707214881353
11.9183302807147
12.216219773703
12.3432799737919
12.2735246520682
11.5594205376206
12.2650900938466
12.2819119281588
12.3501918964397
12.7828867982985
11.3024944852664
11.7926870729601
11.6645381968247
12.1938545638086
11.5873221660043
11.8692161428965
12.152944854599
11.8454477780203
12.3700127505088
11.646250846784
11.958822422736
12.5029460387982
12.0427760107858
11.9191227287048
11.6494697240041
11.3464206908527
12.3225799879707
12.522697674766
11.8009891262331
11.7609175902684
12.5581820571208
11.9707270589051
11.6684507402093
11.6389578878513
11.8461881646728
12.1677873183436
11.2296002850183
12.5115641355024
11.8839166381453
12.5527390759239
12.0012540104217
12.4006096672631
11.9075171134581
12.1960173453283
10.5666282078116
11.8687666810287
12.1440551396273
11.9759668173399
12.1842406847392
12.2318161732985
10.761561358881
11.7983785705409
12.6057387417801
11.2636560773446
12.203163502145
12.0400825830731
10.5118986330169
11.8992869312145
12.0050452087733
11.2734777743749
12.468311279047
11.9333928089681
12.3332033631613
11.9526178507308
11.8829395087104
11.7224347214035
12.1523543711976
11.7446274667602
12.335160955896
11.8081340628624
13.0430458429544
12.5302850692345
11.9142908984013
12.208060510831
11.6287202123886
11.4920355970124
11.774991800065
11.6618111450387
11.7177185058014
12.666975829274
12.037228539108
12.4741848036577
12.7993688057389
11.7990280570873
11.7016987741698
11.8151351219239
12.1885399202351
12.5364099000788
12.0117593757121
12.1408440887681
11.9911691350743
11.8368061391516
11.8004788975187
11.3198488055089
12.0811450663662
11.648919607526
12.244109806587
11.5991343274254
11.8638821203405
11.9020959467562
11.9697258437932
11.882288463734
11.6042809226711
11.7762144143114
11.9971351972303
12.074084227284
12.3004668389333
11.6147383985711
12.61474894851
11.6470641893195
12.0986377692363
11.836651130327
12.0798899816693
11.6778876471507
11.7262930977812
11.7599364030148
12.247760354855
12.1839035287218
12.1596749529588
12.1904510857369
11.4547837588628
12.133952805678
12.7600608446635
12.3025358112004
12.2237973169616
12.1925075185712
12.150006088646
12.0450570427904
12.3224366478711
11.5443480415954
11.8134735219564
12.6921158897883
12.3877797405351
12.7944050327137
12.2036648943165
11.8550978869066
11.9457490603274
11.6456369914205
11.9440523975546
12.2484037901304
11.6104404304895
11.9147714745098
11.9665956586989
11.8942082732537
12.0572454893034
12.2213341648111
11.7579570644509
12.049996171442
11.644803009168
12.7292026671835
11.7824412708971
11.484307373925
12.3511951272657
12.0680982507688
12.1485538875103
12.1747169995022
12.4459145448186
12.019888547069
12.1397713292067
11.6602899275256
11.8030393831073
12.1183236626769
11.8167918000513
11.818926937022
11.908906617672
11.6473941591378
12.0143009580279
12.4199395971782
11.4770968428987
11.9220852296472
11.5978316542312
12.2165846875234
12.0551885939817
11.6802599980156
11.8280054884806
12.1871681884564
12.3990860438082
11.9466028749164
12.5456529714614
12.2044071788916
12.0782755566135
12.1705261961333
11.909099149954
11.9317625232586
12.2009182393911
12.1486231847693
11.7498389261807
11.8369022014701
11.8566885056763
12.1240719225416
12.5824117917073
11.8760424711824
11.6980784059129
11.5625444803897
12.4966384258609
11.7736716568032
12.3668866471311
12.2345558640693
12.44027789695
11.8213007349969
11.8611818913579
11.821692751656
12.1652693017417
12.488271279789
11.7183488405522
11.8888673010684
11.8761732567355
11.80743733296
12.1740271647169
12.2505637377102
12.3260275226613
11.7030799076221
11.7573332407265
11.6907995766864
12.6285992076964
12.0650043141522
11.7781872675657
12.4028287255526
11.9470265484146
11.8650689995283
11.5994176614431
11.9652961760082
11.9875415992814
11.3022801685309
10.7569283303818
12.4117316929481
12.2714895549871
11.999603238991
12.5651063562793
12.8475572800121
11.748735389698
11.8918494862799
11.7476374820269
12.1216209486155
12.1991371768167
12.3526993076702
11.9245823093147
12.0859550839467
11.7048509237188
11.8059852558531
11.6648387555147
11.8792354387692
12.3816310925657
12.7188626495699
11.9383422428693
11.3942911903369
11.8629801997548
12.347443484485
12.1962298833149
12.3159260141703
11.7647487571758
11.6898179116464
12.4805956981432
12.2829679300474
11.7338694859483
12.0206667734452
11.5668041360513
11.6121624823396
12.0175188570313
11.7284633023691
12.6183767035811
13.0914061470813
12.0512155145878
12.2372080823706
11.9923358716103
11.7384015721938
13.0854431649455
11.7419610150266
11.8367294919103
12.9852312508256
11.824582876549
12.3053693196783
11.4432002384587
12.266986800624
11.8612810904087
11.6923508855061
11.8802127262922
11.4872494385448
11.5136986099923
11.8026681325717
11.3832035537665
12.6372701415109
11.4061130455385
12.4503090249094
12.2673838190285
11.6518368423491
11.8234696577983
11.1959621655265
11.5524323499491
11.7313963403411
11.9028090829233
12.1720612812941
12.8630959203345
12.2609562832944
11.7438320001641
12.0167436066976
12.630904207103
12.219047058631
12.1280888053937
11.5771504861653
12.3231782892436
11.3758629251197
11.8545449408952
12.3446900422206
11.7507149201605
11.9403397693525
11.7626200870496
12.038643555611
11.5365427420181
11.6059064286543
12.7764354848436
12.4093777688739
12.4466761423941
11.9871027926483
12.2605523290085
11.3570076226899
12.3235782898772
11.6941501155233
11.6017856838062
12.2665020721252
11.2876330329082
12.187787291709
11.7278180716514
12.9474897645473
11.4688817446226
11.6447099147437
12.0643273387783
12.0898721334741
11.8727457572405
11.8448914939418
11.8331939700876
12.0978161290599
12.6130898951516
11.6530670843395
12.4530733095115
11.3876392853363
12.253579318076
11.6948982172104
11.6728002759262
12.0992561104494
11.6370404752358
11.6371951022764
11.4212568187677
11.4144708194232
12.6105143436687
11.3534438177352
11.9922599507281
11.6670885066282
12.2055780526893
11.7990194376993
12.312443246206
11.8722075814707
12.4693601380408
11.9363880937782
11.7649086832449
12.4881464768946
11.9010019468713
11.7796588751578
11.2937902212357
11.7550352021551
11.7643228701468
12.5287089445421
12.3106708361965
11.9465793460493
12.2666290414112
11.9308389081875
12.3896683068441
12.9599160176842
11.9961063232625
13.049431210256
12.0160813849434
12.5822655229484
12.1561881798768
12.3401100397652
11.7595323851418
11.6768231686935
12.4522025215987
13.0456805852847
12.3084940736557
11.9961372610606
12.0209026401641
12.5540345045045
12.2982320215036
11.8167504799756
12.162405612932
11.5082182918856
11.8837036899088
11.6739604539538
12.4980938146583
11.8914167657877
11.497584121788
11.7518883431318
12.6670140957772
12.0010770221295
11.6892044907381
11.9739922127602
12.6150776357593
12.0507797079967
12.375023251474
12.0927775729864
11.8310994286941
12.0664990480262
11.8359013545386
12.3220122772471
11.8548867448024
12.0221050910592
11.4225528327123
11.3963576539286
12.0528312691952
12.3939169621796
11.8399117998552
12.2356201750566
12.318248546999
12.4827777869795
11.9064341883923
12.7137520166461
11.7437319332582
12.1677271412313
11.6509693301783
11.9996747733976
11.2936734287715
11.5553898089975
11.695926762696
11.8942954735034
11.9257835820746
12.0541846653864
12.272130256051
11.7074795276306
12.3000034331636
12.0627883836978
11.6968177871733
11.765581433027
12.0234085082447
12.0462754550255
12.2638394019096
11.7615235448792
11.8352687988588
12.3440625126132
11.8225369279483
11.798836111843
12.2147008391217
12.2977851701644
12.2910680109207
11.7285012207796
12.8759583553911
11.8260281031094
11.7273839066762
12.1332449831755
12.0134346387505
12.0816844749461
12.4559871626153
11.7875362099123
12.2891509725236
12.1071920060125
12.8515042553664
12.028552621195
12.5464484496215
11.7766057252252
11.5222390989098
11.4269278638114
11.6152157713664
11.9959489935432
12.0833947842057
11.7774301851785
11.4979810728843
11.7906787518398
11.7936602083866
12.2377968099258
11.8196899598576
12.0428908491603
12.2711703176062
11.9607531264281
11.8082288721697
12.5062707837425
11.9090001321852
11.7336272293797
12.0411429600501
12.3399679223069
12.1083017049254
11.7848888098613
11.8665138239626
11.8784537529231
11.8769896224732
12.001117384413
12.2340127179816
12.0500432657291
11.8243907434649
12.1383086571838
11.8363535149267
12.7131072850609
11.473998401829
11.8107309487116
12.3627165670802
12.0895068201514
12.3157155058081
12.1157247185368
12.0536355990002
12.5548091835672
12.4132952462212
11.4160837925782
11.4627282544473
10.7359782513886
12.475401605351
11.6548432316166
12.2882650954789
12.1651463916093
11.7815690527924
12.421047219687
11.6657163730277
12.2685975283662
12.2007011930678
11.6055296239291
12.4567786919708
11.3491870015423
12.7470884934242
11.6683613287519
12.3912934876412
11.6661283220708
12.2010981222852
12.1696111881441
12.2047526239342
11.9669688443512
12.020823039444
12.5843377337134
12.3922152404642
11.8991332541216
11.9813528270885
12.562751581901
11.0658148494893
12.052645723129
12.6360183462449
12.0938086522424
12.0731393292894
12.3887914053581
11.5880548777152
12.046187531025
11.3675224259446
11.8723895146188
12.1907352690394
12.1676804746764
11.9118567745531
12.1164980475677
11.8373456965456
12.1352990480707
11.7190508893782
11.6422644372347
12.1074136323867
11.8235946999908
11.9558904790055
11.9125263324508
11.8470680111231
11.8940753552362
12.5066790245614
11.7819481225373
11.7332706222951
12.3244538498852
11.8342580841931
12.5128036507074
12.0738711356108
11.9233604339205
12.588134191982
11.8633058990275
11.3638696551265
12.2208431859713
12.3078070552472
11.8075937697893
11.7252453384338
11.8814657125961
12.5044448407732
12.2296738334643
11.5684808842783
12.4068057350897
11.8545308409557
11.6181610723811
12.2074113730971
12.7761688810713
11.9320926012263
12.1347509104026
11.7749269615554
11.8623309816566
12.2944008260754
12.1882450590693
12.2396405120752
11.7915552029596
12.738573675576
11.682320493647
11.7210042763814
11.8133358044479
11.785459665969
12.2679029620101
12.1493223773718
12.3812823965589
11.8663085596777
11.6798373387312
12.5484483976392
11.5132753363816
12.1136646511709
12.2757508565858
12.0963196468465
11.7062065527325
11.6672258299344
12.1576222883715
11.9047391040164
12.6424010723907
11.7860127912793
12.2546281054374
11.2302290439119
12.2359373075759
11.7698092469094
11.933386780332
11.7630703122318
11.774887297036
13.010953362263
11.7775939766609
11.5987243199756
11.78017900716
12.9470702386711
11.7002995596814
12.1707511663907
12.4194649976304
11.8846174096251
11.8684861319211
12.5257277270957
11.8444671595952
11.8435923145957
11.7379321903163
11.5348446292283
12.0858748761641
12.0151285975416
11.7665103287459
11.6558857597278
11.6648119726836
12.8401319886358
11.5555047450237
11.7387164854773
12.3232517132081
11.5497814551818
11.9907727404417
11.6881375180554
11.8693626042628
12.2348973190397
12.2357959398881
12.601376082388
12.3211799300442
11.9795678183073
12.7943457462
12.6284705605024
12.1309919800078
11.6587866606394
12.5314410385932
11.8629630459347
12.2048388433522
12.8311265616543
11.943503082681
12.0687339853171
11.8741508613456
12.2014831117526
12.8974531669001
12.1894624488877
11.8242369057493
11.6695083354695
11.3488950758916
11.8193797748342
11.7124669150983
11.3759305258298
12.210696807887
12.3414621668196
11.5784298433241
11.9159809796184
11.913864307871
11.7356111656029
12.4189015095315
11.6931059318969
11.9567226285919
11.993381928867
12.2359687429649
12.3920622501829
12.0396684234585
12.3890170590774
11.8560023751045
11.7006465540979
11.6385225784482
11.498449863781
11.8511212155374
11.7340991121463
11.9857404450397
12.3339626687176
11.8545459368537
11.6342855679957
11.5005410129773
11.7303858797188
12.2914854047116
12.382437484308
11.0835061378241
11.8628616036554
11.9792136629397
11.8979767632543
12.1205799123638
11.4418488179728
11.8876342628058
12.2120317660504
11.5832928589113
12.583989444389
12.19892196834
11.9980899951543
12.3417902435881
12.4580998115493
11.6489787991325
11.6288573864142
11.9348464639693
12.1095210654747
12.3919414144325
12.4416886588413
11.9589686471197
11.7319021906071
11.694992999952
11.6315029806374
12.0498323055657
11.9142417154124
12.0691979516354
12.1594011032911
11.5832339309954
12.7062779616977
11.7915401450182
11.9010019468713
11.8722008047581
11.723627859597
12.161977711973
12.2248136002072
11.6443322566022
11.6670359303939
12.2696619938863
11.5238586179099
11.3297798960893
11.6632624024725
12.2395604175627
11.6993124741192
12.3371051117383
12.5066706347137
12.0299544971458
12.4547229047747
11.9284239863511
12.7522143732744
12.1470377986799
11.7775799340316
13.0133632016089
11.3046057101609
11.7295187617449
12.0621309450153
12.3422815119096
11.3089920263326
12.1647494896772
