"x"
10.9111604690552
11.7949495315552
12.2980079650879
12.2747488021851
11.7058048248291
12.33971118927
12.1573734283447
11.4918184280396
12.1183881759644
12.8619508743286
11.8714981079102
12.1539754867554
11.7065172195435
11.5507392883301
11.8665199279785
11.7831516265869
12.0834760665894
11.3628959655762
12.4746150970459
11.8625745773315
11.9589166641235
11.6965484619141
12.4022274017334
11.66921043396
11.4855985641479
11.9100379943848
12.1487884521484
12.566388130188
11.9240646362305
12.9716815948486
12.3006935119629
12.3306503295898
11.9155492782593
12.2666749954224
12.4930572509766
11.3377504348755
12.127968788147
11.940110206604
11.8334693908691
12.1766910552979
11.7741832733154
12.4132099151611
11.710524559021
11.7655582427979
11.7595195770264
11.9524955749512
11.6768989562988
11.7420692443848
11.4773168563843
12.1512269973755
12.1283130645752
11.9890623092651
12.0131425857544
12.1429462432861
12.2311353683472
12.7291202545166
11.649377822876
12.0578155517578
11.8956022262573
12.1204404830933
12.062047958374
12.1653833389282
12.2765407562256
12.7439832687378
12.3195037841797
12.5588293075562
11.9310235977173
12.3059558868408
11.7960052490234
11.7154970169067
12.2621726989746
12.1386041641235
12.083345413208
12.1110849380493
12.2051696777344
11.4440317153931
11.7397222518921
11.8262968063354
11.9917192459106
11.8976898193359
11.7881631851196
11.7710294723511
12.1548109054565
11.9542417526245
12.1634321212769
12.4155979156494
11.4845094680786
12.1490907669067
12.1424770355225
12.1129169464111
12.0258436203003
11.2448511123657
12.3205537796021
11.9296741485596
12.0600681304932
12.2068700790405
12.6064014434814
12.1309661865234
11.5754461288452
12.1857042312622
11.2818565368652
12.7137222290039
11.9008550643921
12.0394983291626
12.4650621414185
11.7307376861572
11.9777641296387
12.0981969833374
11.9495420455933
11.7733993530273
11.9599676132202
11.777153968811
12.6853799819946
12.3751068115234
12.4057903289795
12.200065612793
11.9123182296753
12.1116905212402
12.0055131912231
12.4738340377808
11.675124168396
11.4856195449829
12.460165977478
12.4012680053711
11.9650554656982
12.8697156906128
12.4271001815796
11.731616973877
11.8862152099609
12.132719039917
12.3212242126465
12.2251253128052
11.7900390625
12.2662878036499
12.2981157302856
12.2639923095703
12.8444652557373
11.2198448181152
11.8044996261597
11.5847101211548
12.2020664215088
11.6756582260132
11.8331880569458
12.1601037979126
11.8450479507446
12.360315322876
11.7464017868042
11.9517517089844
12.558464050293
12.0668411254883
11.8999118804932
11.7438106536865
11.1972379684448
12.2578926086426
12.5046033859253
11.8103132247925
11.8173532485962
12.4798307418823
12.0937252044678
11.6362953186035
11.6973485946655
11.8719310760498
12.1591329574585
11.3654899597168
12.4797134399414
11.8831043243408
12.4647207260132
11.9403553009033
12.3617944717407
11.9281463623047
12.0541906356812
10.856520652771
11.9115371704102
12.137300491333
12.0008096694946
12.1780891418457
12.2547187805176
10.8681898117065
11.7822160720825
12.5341463088989
11.2133712768555
12.2148494720459
12.0597238540649
11.0189409255981
11.8685693740845
12.0676336288452
11.1968774795532
12.603928565979
11.9316005706787
12.2402172088623
12.0287055969238
11.8581161499023
11.8414354324341
12.1930017471313
11.8094921112061
12.3001184463501
11.8242769241333
13.1323938369751
12.4242248535156
11.8482694625854
12.1592969894409
11.6768245697021
11.5429630279541
11.7502460479736
11.6388254165649
11.764349937439
12.5536088943481
11.9951972961426
12.4305057525635
12.8408365249634
11.8434944152832
11.7838191986084
11.8015441894531
12.1768770217896
12.3518629074097
12.0632877349854
12.0728597640991
12.0235414505005
11.8480625152588
11.7765951156616
11.3496589660645
12.1247539520264
11.6693706512451
12.1940126419067
11.6265363693237
11.8765659332275
11.8971643447876
11.8526477813721
11.8747568130493
11.6217699050903
11.7551774978638
11.9888477325439
12.0879878997803
12.2151165008545
11.52174949646
12.7118577957153
11.5357522964478
11.9662399291992
11.8915462493896
12.0464849472046
11.7367277145386
11.7746477127075
11.836480140686
12.1859617233276
12.1585388183594
12.0930156707764
12.1750268936157
11.4457788467407
12.1494913101196
12.6990098953247
12.3444747924805
12.2269601821899
12.2148590087891
12.1914176940918
12.0247364044189
12.3060731887817
11.5313663482666
11.8081007003784
12.7351579666138
12.3659029006958
12.8082408905029
12.1486263275146
11.9392890930176
11.9946374893188
11.6952753067017
11.964243888855
12.2223072052002
11.5031356811523
11.8702077865601
11.9827041625977
11.9253244400024
12.0946826934814
12.1664667129517
11.7067823410034
12.0053625106812
11.6846170425415
12.7190227508545
11.8123426437378
11.4665689468384
12.2839775085449
12.0864677429199
12.1512660980225
12.1412296295166
12.3568820953369
12.0952224731445
12.0523109436035
11.6262359619141
11.8111848831177
12.1596403121948
11.7984313964844
11.8755369186401
11.9431495666504
11.5512475967407
12.0523223876953
12.3757448196411
11.5660552978516
11.9349365234375
11.5674200057983
12.2305555343628
11.9846210479736
11.708984375
11.821026802063
12.1034250259399
12.3772630691528
11.984091758728
12.5649948120117
12.2072153091431
12.1382646560669
12.109001159668
11.8655462265015
11.978494644165
12.2682132720947
12.0765752792358
11.7225017547607
11.7962121963501
11.8034830093384
12.1516561508179
12.492036819458
11.8869571685791
11.7144193649292
11.5362958908081
12.4668493270874
11.6908159255981
12.3459157943726
12.276668548584
12.4012222290039
11.8648815155029
11.7969694137573
11.8366937637329
12.1751337051392
12.4097146987915
11.7691535949707
11.8639135360718
11.8546075820923
11.7823371887207
12.1609859466553
12.2615575790405
12.3103628158569
11.6734590530396
11.7547912597656
11.7291460037231
12.5460996627808
12.0858364105225
11.816632270813
12.3836088180542
11.8946256637573
11.9113731384277
11.5729522705078
11.9335136413574
11.8969249725342
11.0835943222046
10.7419309616089
12.3290100097656
12.2577142715454
11.9978904724121
12.478609085083
12.8398323059082
11.7039518356323
11.8133459091187
11.723108291626
12.0672054290771
12.1943140029907
12.3444623947144
11.947154045105
12.0680732727051
11.7329483032227
11.7983493804932
11.592396736145
11.9261131286621
12.3184862136841
12.7559356689453
11.936014175415
11.3134298324585
11.8535556793213
12.3773012161255
12.0012073516846
12.3496570587158
11.8126773834229
11.6881294250488
12.4080562591553
12.2835874557495
11.7179765701294
12.0259599685669
11.5255851745605
11.4382476806641
12.0362138748169
11.825704574585
12.6911668777466
12.9585771560669
12.0745344161987
12.2649917602539
11.9607419967651
11.6620626449585
13.0344924926758
11.7386713027954
11.8380451202393
13.0085735321045
11.7558002471924
12.3370561599731
11.6715307235718
12.1754064559937
11.9272117614746
11.6503314971924
11.7995071411133
11.5351705551147
11.5250520706177
11.8926696777344
11.4402046203613
12.5737380981445
11.4963655471802
12.4800853729248
12.3319635391235
11.5879831314087
11.8716058731079
10.9460363388062
11.6548614501953
11.7458248138428
11.9356622695923
12.1554336547852
12.8292617797852
12.2793807983398
11.7467231750488
12.0780553817749
12.5877647399902
12.2302284240723
12.1961317062378
11.4191188812256
12.4493856430054
11.2524785995483
11.9137392044067
12.2965974807739
11.8369169235229
11.9103298187256
11.7495937347412
12.0090322494507
11.5421857833862
11.6327247619629
12.8635292053223
12.4184865951538
12.4335498809814
11.9907102584839
12.3453426361084
11.3061256408691
12.2886743545532
11.7231464385986
11.6641874313354
12.2616777420044
11.1801252365112
12.1805782318115
11.7842464447021
12.9128513336182
11.3919086456299
11.6281747817993
12.1043939590454
12.1720495223999
11.9490966796875
11.9142951965332
11.8953762054443
12.1200590133667
12.5662670135498
11.6894025802612
12.3945655822754
11.3589754104614
12.221851348877
11.7791976928711
11.7162218093872
12.0938005447388
11.6889877319336
11.5945320129395
11.4569187164307
11.4096517562866
12.6283130645752
11.4159030914307
12.008617401123
11.6379661560059
12.2312660217285
11.7620105743408
12.3630704879761
11.8742437362671
12.4541292190552
11.8803615570068
11.8105487823486
12.5387372970581
11.8845491409302
11.8671379089355
11.3917589187622
11.7430238723755
11.7372245788574
12.5504608154297
12.3220300674438
11.9170589447021
12.3083600997925
11.9489450454712
12.2756338119507
12.7527122497559
12.0698251724243
13.0815515518188
11.9396743774414
12.6330242156982
12.093165397644
12.3830375671387
11.817834854126
11.712308883667
12.4185161590576
13.1149024963379
12.3426322937012
11.9200487136841
12.0289173126221
12.5942630767822
12.31529712677
11.8163089752197
12.1881885528564
11.4138355255127
11.8702077865601
11.7609920501709
12.5071296691895
11.9282083511353
11.351188659668
11.7688722610474
12.5609369277954
11.9721708297729
11.7878389358521
11.9837045669556
12.5751705169678
12.0461759567261
12.4185285568237
12.0933885574341
11.9481067657471
11.9798460006714
11.7894439697266
12.181529045105
11.8585596084595
12.0555543899536
11.4100284576416
11.3582067489624
11.977144241333
12.3706541061401
11.9355745315552
12.2441549301147
12.3398876190186
12.3921804428101
11.9053535461426
12.7445974349976
11.7490377426147
12.1842498779297
11.6461200714111
12.1001968383789
11.2936267852783
11.6013059616089
11.6915531158447
11.9073600769043
11.8732061386108
12.0177268981934
12.2770690917969
11.7841854095459
12.2317008972168
12.0596923828125
11.758978843689
11.7310161590576
12.0192451477051
11.9961891174316
12.3483381271362
11.8316211700439
11.9312944412231
12.3428258895874
11.8235855102539
11.7890882492065
12.1891946792603
12.1836738586426
12.3632383346558
11.7528514862061
12.8627996444702
11.938588142395
11.7804698944092
12.2153263092041
12.1211948394775
12.0879640579224
12.4178886413574
11.7895097732544
12.2837181091309
12.1372060775757
12.9385290145874
12.0716915130615
12.4738616943359
11.7956552505493
11.5431957244873
11.451732635498
11.7920150756836
11.9029407501221
12.0405693054199
11.8568410873413
11.3656730651855
11.7689294815063
11.7421340942383
12.2706022262573
11.7288789749146
11.989860534668
12.2267160415649
11.9760160446167
11.8191795349121
12.4874792098999
11.882682800293
11.7387180328369
12.0641708374023
12.4410991668701
12.1237030029297
11.8323707580566
11.7828483581543
11.9168901443481
11.8720388412476
11.9988975524902
12.2386693954468
12.0677862167358
11.8368854522705
12.0560283660889
11.8284177780151
12.6730031967163
11.5319032669067
11.8377304077148
12.3576946258545
12.0503158569336
12.278094291687
12.1333208084106
12.0830640792847
12.4717788696289
12.4538297653198
11.2641229629517
11.3784656524658
11.2417516708374
12.5249309539795
11.6657838821411
12.3531589508057
12.2155017852783
11.77405834198
12.4810628890991
11.6595602035522
12.258659362793
12.1376752853394
11.6317882537842
12.4464206695557
11.2743272781372
12.7482461929321
11.6517896652222
12.354266166687
11.6153764724731
12.1552543640137
12.1332178115845
12.189115524292
11.9618005752563
12.0253829956055
12.4616680145264
12.4381256103516
11.8501882553101
12.0185661315918
12.6008443832397
10.9983291625977
12.0918121337891
12.6505069732666
12.110782623291
12.1757822036743
12.3683528900146
11.6148519515991
12.0054397583008
11.2391710281372
11.7674160003662
12.1983613967896
12.1305360794067
11.8476409912109
12.0841693878174
11.834005355835
12.1718235015869
11.7058115005493
11.6015825271606
12.1701774597168
11.8858346939087
11.9194498062134
11.9496164321899
11.8275184631348
11.8635120391846
12.4414758682251
11.7987604141235
11.7198352813721
12.1568794250488
11.8762836456299
12.5337438583374
12.0760097503662
11.8011035919189
12.6069793701172
11.8410396575928
11.371166229248
12.2109060287476
12.4018125534058
11.6802778244019
11.7099199295044
11.8863353729248
12.4836254119873
12.2753219604492
11.5679712295532
12.3408451080322
11.884129524231
11.637282371521
12.1892986297607
12.7681999206543
11.9022340774536
12.2599515914917
11.7921257019043
11.8333206176758
12.3231954574585
12.1475858688354
12.161262512207
11.7958536148071
12.8344745635986
11.6826229095459
11.7330951690674
11.8746023178101
11.7936372756958
12.2884120941162
12.1605253219604
12.3784456253052
11.848087310791
11.6956825256348
12.5567712783813
11.5115871429443
12.0321578979492
12.323787689209
12.094744682312
11.7053604125977
11.6514768600464
12.1122817993164
11.8952398300171
12.6185092926025
11.8344192504883
12.3326444625854
11.2558736801147
12.2419290542603
11.8266229629517
11.9663429260254
11.7308101654053
11.7889719009399
13.0901699066162
11.7400331497192
11.5052499771118
11.8028764724731
12.9738740921021
11.6581888198853
12.1284780502319
12.34912109375
11.8823070526123
11.9229879379272
12.5563144683838
11.9035139083862
11.8220453262329
11.7594451904297
11.5919923782349
12.0342140197754
11.9637861251831
11.7633562088013
11.6950187683105
11.7584562301636
12.7577505111694
11.554515838623
11.796778678894
12.3003749847412
11.5209169387817
11.950511932373
11.7786979675293
11.881983757019
12.2124176025391
12.2610397338867
12.6706857681274
12.3316831588745
11.9749794006348
12.881196975708
12.7674608230591
12.1623477935791
11.669716835022
12.5474128723145
11.8348979949951
12.2631158828735
12.8118000030518
11.9255981445312
12.0655651092529
11.8689746856689
12.2098207473755
12.8955745697021
12.1554269790649
11.8673400878906
11.6849718093872
11.1943702697754
11.8847217559814
11.7436189651489
11.4543075561523
12.1882343292236
12.4041738510132
11.5656509399414
11.7006721496582
11.8644723892212
11.7664041519165
12.4046077728271
11.760724067688
11.9842100143433
11.9750843048096
12.1617679595947
12.3736572265625
12.109317779541
12.4043159484863
11.8487701416016
11.6921815872192
11.583592414856
11.7786703109741
11.8240261077881
11.7618780136108
11.9389810562134
12.3437080383301
11.8398895263672
11.6448993682861
11.4433479309082
11.7913494110107
12.2804975509644
12.4112482070923
11.1767024993896
11.8585348129272
11.9330968856812
11.8645715713501
12.1301794052124
11.152889251709
11.8116607666016
12.1349287033081
11.6154727935791
12.6315603256226
12.1806993484497
12.0509996414185
12.185866355896
12.4669542312622
11.5758752822876
11.6009407043457
11.8780384063721
12.0822343826294
12.3089952468872
12.4306535720825
11.9613275527954
11.7431020736694
11.7104454040527
11.6429586410522
12.0870246887207
11.9112958908081
12.053915977478
12.1534938812256
11.4609260559082
12.6487874984741
11.8083209991455
11.8832817077637
11.7844038009644
11.7195091247559
12.1713266372681
12.2190036773682
11.7569179534912
11.682804107666
12.24827003479
11.6149625778198
11.3343076705933
11.6122446060181
12.3821067810059
11.5702037811279
12.4052171707153
12.5091342926025
11.9673194885254
12.4489011764526
11.8795938491821
12.8471097946167
12.153265953064
11.8157501220703
12.9262247085571
11.1916666030884
11.7200679779053
12.0743751525879
12.3978796005249
11.3371820449829
12.1432695388794
